#      x          Cp  
     1.00000    0.22199
     0.99815    0.23466
     0.99480    0.22980
     0.99050    0.21946
     0.98545    0.20584
     0.97977    0.18855
     0.97354    0.16805
     0.96682    0.14466
     0.95967    0.11887
     0.95213    0.09126
     0.94422    0.06244
     0.93598    0.03296
     0.92743    0.00332
     0.91860   -0.02613
     0.90951   -0.05513
     0.90017   -0.08351
     0.89061   -0.11119
     0.88083   -0.13815
     0.87086   -0.16438
     0.86071   -0.18991
     0.85038   -0.21478
     0.83990   -0.23904
     0.82927   -0.26271
     0.81851   -0.28585
     0.80762   -0.30848
     0.79661   -0.33065
     0.78549   -0.35238
     0.77428   -0.37370
     0.76298   -0.39463
     0.75159   -0.41519
     0.74013   -0.43540
     0.72860   -0.45526
     0.71702   -0.47479
     0.70538   -0.49399
     0.69370   -0.51286
     0.68197   -0.53140
     0.67022   -0.54959
     0.65843   -0.56741
     0.64663   -0.58482
     0.63481   -0.60178
     0.62299   -0.61821
     0.61116   -0.63398
     0.59933   -0.64895
     0.58751   -0.66285
     0.57570   -0.67539
     0.56390   -0.68632
     0.55213   -0.69629
     0.54039   -0.71043
     0.52868   -0.74873
     0.51700   -0.83823
     0.50537   -0.88078
     0.49378   -0.89200
     0.48224   -0.90371
     0.47075   -0.91577
     0.45932   -0.92829
     0.44796   -0.94145
     0.43665   -0.95543
     0.42542   -0.97053
     0.41427   -0.98721
     0.40319   -1.00625
     0.39219   -1.02838
     0.38128   -1.04982
     0.37046   -1.06970
     0.35973   -1.08747
     0.34910   -1.10309
     0.33856   -1.11664
     0.32813   -1.12823
     0.31781   -1.13798
     0.30760   -1.14598
     0.29750   -1.15232
     0.28751   -1.15707
     0.27765   -1.16028
     0.26791   -1.16201
     0.25829   -1.16230
     0.24881   -1.16118
     0.23946   -1.15870
     0.23024   -1.15489
     0.22116   -1.14979
     0.21223   -1.14342
     0.20344   -1.13582
     0.19479   -1.12702
     0.18630   -1.11705
     0.17796   -1.10595
     0.16978   -1.09374
     0.16175   -1.08045
     0.15389   -1.06610
     0.14619   -1.05074
     0.13866   -1.03437
     0.13130   -1.01704
     0.12411   -0.99874
     0.11710   -0.97952
     0.11026   -0.95937
     0.10361   -0.93831
     0.09713   -0.91634
     0.09085   -0.89346
     0.08475   -0.86966
     0.07884   -0.84493
     0.07313   -0.81922
     0.06761   -0.79250
     0.06229   -0.76471
     0.05717   -0.73577
     0.05226   -0.70558
     0.04755   -0.67401
     0.04304   -0.64089
     0.03875   -0.60603
     0.03467   -0.56916
     0.03080   -0.52998
     0.02715   -0.48808
     0.02373   -0.44301
     0.02052   -0.39415
     0.01753   -0.34080
     0.01478   -0.28207
     0.01225   -0.21695
     0.00995   -0.14420
     0.00788   -0.06246
     0.00605    0.02969
     0.00446    0.13356
     0.00311    0.25000
     0.00199    0.37851
     0.00112    0.51685
     0.00050    0.65856
     0.00013    0.79359
     0.00000    0.90619
     0.00013    0.97924
     0.00050    0.99934
     0.00112    0.96200
     0.00199    0.87476
     0.00311    0.75563
     0.00446    0.62453
     0.00605    0.49817
     0.00788    0.38577
     0.00995    0.29146
     0.01225    0.21515
     0.01478    0.15513
     0.01753    0.10893
     0.02052    0.07409
     0.02373    0.04838
     0.02715    0.02996
     0.03080    0.01731
     0.03467    0.00923
     0.03875    0.00476
     0.04304    0.00314
     0.04755    0.00378
     0.05226    0.00620
     0.05717    0.01004
     0.06229    0.01499
     0.06761    0.02082
     0.07313    0.02733
     0.07884    0.03437
     0.08475    0.04181
     0.09085    0.04954
     0.09713    0.05750
     0.10361    0.06559
     0.11026    0.07377
     0.11710    0.08199
     0.12411    0.09020
     0.13130    0.09837
     0.13866    0.10647
     0.14619    0.11447
     0.15389    0.12236
     0.16175    0.13010
     0.16978    0.13770
     0.17796    0.14512
     0.18630    0.15235
     0.19479    0.15940
     0.20344    0.16623
     0.21223    0.17285
     0.22116    0.17924
     0.23024    0.18539
     0.23946    0.19130
     0.24881    0.19696
     0.25829    0.20235
     0.26791    0.20746
     0.27765    0.21229
     0.28751    0.21682
     0.29750    0.22102
     0.30760    0.22489
     0.31781    0.22838
     0.32813    0.23148
     0.33856    0.23413
     0.34910    0.23629
     0.35973    0.23788
     0.37046    0.23880
     0.38128    0.23887
     0.39219    0.23789
     0.40319    0.23494
     0.41427    0.23228
     0.42542    0.23039
     0.43665    0.22904
     0.44796    0.22814
     0.45932    0.22758
     0.47075    0.22728
     0.48224    0.22719
     0.49378    0.22726
     0.50537    0.22744
     0.51700    0.22770
     0.52868    0.22801
     0.54039    0.22835
     0.55213    0.22869
     0.56390    0.22903
     0.57570    0.22934
     0.58751    0.22961
     0.59933    0.22984
     0.61116    0.23000
     0.62299    0.23009
     0.63481    0.23011
     0.64663    0.23005
     0.65843    0.22989
     0.67022    0.22965
     0.68197    0.22930
     0.69370    0.22885
     0.70538    0.22830
     0.71702    0.22764
     0.72860    0.22687
     0.74013    0.22599
     0.75159    0.22500
     0.76298    0.22389
     0.77428    0.22268
     0.78549    0.22135
     0.79661    0.21992
     0.80762    0.21838
     0.81851    0.21674
     0.82927    0.21500
     0.83990    0.21317
     0.85038    0.21126
     0.86071    0.20927
     0.87086    0.20722
     0.88083    0.20513
     0.89061    0.20301
     0.90017    0.20090
     0.90951    0.19884
     0.91860    0.19688
     0.92743    0.19512
     0.93598    0.19366
     0.94422    0.19270
     0.95213    0.19251
     0.95967    0.19346
     0.96682    0.19610
     0.97354    0.20106
     0.97977    0.20874
     0.98545    0.21871
     0.99050    0.22776
     0.99480    0.23209
     0.99815    0.23245
     1.00000    0.22199
