NACA 0008                                       
 Alfa =   2.00000 Re =  1000000.000 Xflap,Yflap =     0.000000    0.000000
#    x        y        Cp  
   1.00000  0.00084  0.13499
   0.99042  0.00173  0.11134
   0.97062  0.00354  0.07329
   0.94816  0.00554  0.04308
   0.92529  0.00752  0.01875
   0.90237  0.00945 -0.00135
   0.87943  0.01134 -0.01861
   0.85649  0.01317 -0.03446
   0.83354  0.01496 -0.04858
   0.81059  0.01670 -0.06173
   0.78763  0.01839 -0.07442
   0.76467  0.02004 -0.08617
   0.74170  0.02164 -0.09774
   0.71873  0.02319 -0.10888
   0.69577  0.02470 -0.11948
   0.67280  0.02616 -0.13014
   0.64984  0.02756 -0.14035
   0.62687  0.02891 -0.15037
   0.60391  0.03021 -0.15991
   0.58096  0.03144 -0.16899
   0.55801  0.03262 -0.17769
   0.53507  0.03373 -0.18639
   0.51214  0.03477 -0.20010
   0.48921  0.03574 -0.23035
   0.46630  0.03663 -0.25915
   0.44340  0.03743 -0.26530
   0.42052  0.03814 -0.27515
   0.39765  0.03874 -0.28665
   0.37481  0.03925 -0.29937
   0.35199  0.03963 -0.31281
   0.32919  0.03989 -0.32713
   0.30643  0.04001 -0.34216
   0.28371  0.03997 -0.35792
   0.26103  0.03977 -0.37450
   0.23840  0.03939 -0.39202
   0.21584  0.03880 -0.41064
   0.19336  0.03798 -0.43046
   0.17099  0.03691 -0.45206
   0.14876  0.03555 -0.47557
   0.12671  0.03385 -0.50213
   0.10494  0.03176 -0.53259
   0.08360  0.02921 -0.56874
   0.06302  0.02611 -0.61343
   0.04408  0.02245 -0.67005
   0.02860  0.01853 -0.73600
   0.01782  0.01491 -0.79876
   0.01083  0.01180 -0.83817
   0.00620  0.00903 -0.83227
   0.00307  0.00643 -0.71658
   0.00107  0.00384 -0.38738
   0.00011  0.00125  0.24569
   0.00011 -0.00125  0.81618
   0.00107 -0.00384  0.99936
   0.00307 -0.00642  0.87179
   0.00620 -0.00903  0.67024
   0.01083 -0.01180  0.48276
   0.01782 -0.01491  0.32188
   0.02860 -0.01853  0.19019
   0.04408 -0.02245  0.09202
   0.06302 -0.02611  0.02643
   0.08360 -0.02921 -0.01597
   0.10494 -0.03176 -0.04447
   0.12671 -0.03385 -0.06398
   0.14876 -0.03555 -0.07787
   0.17099 -0.03691 -0.08738
   0.19336 -0.03798 -0.09405
   0.21584 -0.03880 -0.09829
   0.23840 -0.03939 -0.10076
   0.26103 -0.03977 -0.10194
   0.28371 -0.03997 -0.10195
   0.30643 -0.04001 -0.10101
   0.32919 -0.03989 -0.09944
   0.35199 -0.03963 -0.09726
   0.37481 -0.03925 -0.09448
   0.39765 -0.03874 -0.09137
   0.42052 -0.03814 -0.08793
   0.44340 -0.03743 -0.08422
   0.46630 -0.03663 -0.08028
   0.48921 -0.03574 -0.07606
   0.51214 -0.03477 -0.07182
   0.53507 -0.03373 -0.06735
   0.55801 -0.03262 -0.06272
   0.58096 -0.03144 -0.05805
   0.60391 -0.03021 -0.05309
   0.62687 -0.02891 -0.04820
   0.64984 -0.02756 -0.04301
   0.67280 -0.02616 -0.03767
   0.69577 -0.02470 -0.03215
   0.71873 -0.02319 -0.02638
   0.74170 -0.02164 -0.02036
   0.76467 -0.02004 -0.01380
   0.78763 -0.01839 -0.00687
   0.81059 -0.01670  0.00047
   0.83354 -0.01496  0.00855
   0.85649 -0.01317  0.01688
   0.87943 -0.01134  0.02569
   0.90237 -0.00945  0.03416
   0.92529 -0.00752  0.04163
   0.94816 -0.00554  0.04785
   0.97062 -0.00354  0.05314
   0.99042 -0.00173  0.07924
   1.00000 -0.00084  0.13499
